RG
114.844
124.81
172.256
114.555
72.7874
135.772
185.338
148.043
92.5019
144.99
57.3485
49.0264
76.5895
193.517
100.622
61.0898
107.341
142.252
74.6904
58.712
105.355
109.083
114.454
85.0824
269.329
205.469
130.03
110.165
61.8586
124.064
101.367
90.7283
54.5077
197.763
137.704
154.725
250.22
109.005
123.58
75.6565
109.175
80.7101
112.595
126.008
207.467
145.183
64.9743
92.372
86.6302
133.689
189.84
143.063
110.207
119.769
167.86
109.334
166.366
89.6014
152.328
96.7331
66.6782
161.45
64.4812
165.273
101.026
81.7219
156.332
177.161
113.11
119.778
88.1376
160.228
95.5727
98.3247
77.8496
131.556
117.277
129.344
105.452
62.649
97.1165
114.516
76.2953
76.1225
67.6344
51.3271
83.1188
82.6077
105.126
75.5788
39.9302
59.8346
149.456
147.667
60.8803
73.9032
49.4863
64.2454
111.812
170.337
141.778
124.984
58.2167
140.592
137.971
117.221
101.144
93.4702
73.287
94.6517
55.9986
117.698
100.432
157.721
211.486
143.952
133.39
290.385
192.316
70.572
197.762
57.2481
74.3563
97.2594
111.328
88.4175
68.0232
63.4476
151.603
59.1188
81.7456
133.067
155.935
126.845
73.2544
89.5098
206.648
49.6379
108.694
90.46
138.835
79.3807
137.846
93.2068
139.007
118.936
107.338
187.778
158.518
210.627
237.89
97.922
73.6137
82.5326
91.9642
198.37
120.462
85.8618
97.8736
59.1981
83.9015
107.643
156.177
141.364
143.145
113.412
207.769
71.485
164.943
174.834
153.892
121.662
57.8994
49.9613
107.132
119.781
157.717
88.056
117.637
96.5977
99.9502
89.0004
66.6742
109.751
143.343
85.6929
78.0362
110.56
208.714
104.112
74.4703
101.754
174.792
65.8722
200.472
167.313
87.4889
91.6794
53.0491
144.507
110.168
128.906
125.28
127.176
95.1533
90.495
97.2326
77.9587
103.074
250.786
130.884
168.13
73.5786
104.186
62.0608
124.975
74.9718
246.121
131.479
181.709
57.8554
94.758
111.273
94.1855
124.552
76.8135
141.633
64.1038
79.7877
115.257
99.8937
73.7534
60.9273
113.276
123.456
132.458
60.2344
106.754
81.0354
91.6791
140.689
95.0727
75.1411
181.972
145.174
80.1987
178.587
77.08
128.307
83.6416
78.4043
164.96
157.204
115.42
138.095
96.1608
94.0934
122.149
112.827
75.4182
86.6774
76.8268
156.142
200.441
130.637
72.0182
118.258
86.8922
113.592
104.794
133.151
76.1853
142.208
276.356
211.102
85.0497
124.898
155.199
58.4395
92.2264
117.063
125.611
206.287
105.395
62.7646
135.865
178.884
149.51
77.4099
66.6428
53.7366
94.6699
54.9518
87.2861
72.5847
148.376
168.572
93.1044
115.077
97.7759
56.7866
112.522
104.202
51.0656
103.067
74.0549
128.656
117.411
90.6396
109.677
121.305
112.807
127.471
55.9398
141.022
128.413
80.277
120.073
145.876
72.4218
165.581
78.9684
96.9821
71.1087
274.787
182.902
216.599
117.592
167.298
110.066
151.539
121.236
142.84
125.658
81.2261
102.915
140.36
110.789
174.348
103.766
253.346
132.001
170.012
239.681
185.626
143.011
143.038
137.295
137.455
71.4377
116.087
127.102
57.7114
60.2151
114.082
93.6845
171.158
89.2442
73.2008
59.7907
95.3306
115.369
151.259
153.312
119.705
157.157
112.288
117.046
149.254
164.322
47.2625
60.5558
47.8789
84.1721
109.966
138.415
213.876
107.605
168.102
178.91
148.325
178.957
126.992
89.8409
153.525
135.325
220.958
132.223
48.0611
72.6998
69.1431
100.326
101.635
261.968
149.347
183.042
40.6252
84.6635
98.0772
138.69
123.525
66.9291
95.5176
102.792
84.0459
73.6972
57.5407
54.0509
78.3734
191.145
73.3634
154.191
251.394
172.29
81.4754
158.107
158.473
142.521
98.4509
102.075
53.0924
123.263
144.649
98.1219
136.579
127.027
118.561
100.807
193.91
130.403
159.092
141.982
153.374
98.403
168.96
114.012
84.3234
60.9114
63.9682
128.516
83.0058
103.651
79.0678
201.5
141.602
113.074
91.4747
71.3264
128.29
90.1753
202.867
105.93
57.0154
175.885
241.86
125.028
131.321
109.936
65.6534
77.1784
149.58
62.5385
93.64
160.256
116.604
196.092
132.069
44.9375
144.9
164.761
100.198
218.296
89.8479
96.9663
100.346
77.7231
77.7331
91.764
80.3923
59.8544
118.911
88.5585
131.058
158.395
224.106
196.551
124.542
64.8363
55.9149
121.472
135.893
137.63
147.402
80.1997
140.821
124.819
122.573
129.412
84.9551
181.241
104.654
101.949
109.775
112.032
102.138
73.2885
75.9797
129.324
70.9561
84.0434
71.2643
83.8036
87.8513
84.5828
107.861
125.491
76.2835
97.9047
203.356
121.556
88.881
158.144
41.6467
125.522
160.408
128.868
76.5544
43.5837
165.404
110.366
230.275
163.929
97.9096
197.342
67.014
182.515
186.099
110.354
123.533
94.5089
52.7045
90.7357
103.715
66.6435
74.0703
243.707
150.642
93.1852
167.552
100.086
119.111
61.5301
82.1076
127.86
78.8376
70.003
85.0931
123.299
53.2111
63.6924
111.609
74.1668
192.25
81.6425
60.9065
56.3648
59.0352
83.8676
88.6851
203.859
150.385
138.869
109.535
122.387
161.677
193.936
171.012
121.462
156.319
73.1173
160.648
101.786
173.772
137.47
48.9947
111.064
61.0701
101.329
103.165
89.1369
93.5211
190.652
106.756
64.9669
81.1225
136.965
90.9717
79.3991
109.549
92.9997
85.3222
43.2186
49.8931
129.77
103.416
59.0362
164.77
104.565
58.5809
67.7464
261.359
223.266
79.9657
125.873
148.758
212.271
129.307
200.313
80.8016
141.428
120.914
136.239
168.47
114.502
135.378
161.012
138.937
164.073
102.892
87.1686
96.9033
114.519
82.6382
51.6802
113.298
151.473
139.717
177.109
200.292
103.617
83.8863
134.325
159.244
175.667
122.141
88.1053
123.37
144.786
128.336
99.1552
66.5286
77.1522
117.421
50.5661
85.6633
104.338
123.198
175.134
56.8056
129.865
102.023
81.5204
77.0545
68.6964
127.469
89.1167
103.852
122.137
114.505
151.03
105.079
57.6906
53.4924
122.896
135.393
167.755
248.582
149.017
101.197
192.381
132.925
179.127
60.7811
60.1556
90.813
98.8847
79.008
85.6928
134.855
156.917
68.107
98.3023
157.332
92.9388
82.1735
121.812
124.702
131.668
145.031
63.5858
107.602
60.8352
186.552
102.154
88.5634
81.7685
159.707
179.126
162.395
74.0709
163.341
161.393
198.466
110.84
93.9646
102.218
98.5795
75.6713
176.046
69.6637
94.9728
121.036
100.458
107.327
132.367
186.772
142.793
173.97
167.383
167.049
99.8374
102.654
174.578
40.4326
112.624
216.626
125.293
76.2586
104.791
85.9528
81.4983
56.5483
96.4162
73.5704
49.78
66.7205
64.4262
88.8815
67.5266
61.7076
101.794
136.804
46.7361
88.5349
139.262
95.4712
181.24
55.4568
123.167
142.317
84.2458
72.4811
85.6298
79.158
178.497
121.372
156.317
175.854
66.7493
192.103
87.5144
68.8796
96.2977
71.4928
147.194
109.802
114.133
66.2375
77.4422
103.047
80.2561
64.8226
106.774
72.0366
125.943
83.1786
91.1006
117.072
88.9244
167.096
113.296
79.1363
143.641
137.025
68.1033
145.752
135.189
93.0875
157.529
135.169
52.2149
93.7761
86.9387
191.497
69.9706
110.517
137.881
196.56
100.906
131.525
94.6672
110.53
66.9219
110.971
125.556
116.38
82.1846
119.617
173.092
95.6119
100.372
123.836
172.949
162.356
136.496
93.7809
182.467
186.57
52.3288
127.381
103.565
60.6482
137.672
83.044
163.176
154.584
146.779
125.097
111.142
62.3345
61.1113
104.722
177.741
56.4787
62.8111
49.0471
124.655
92.6779
315.604
103.242
64.3167
87.2162
81.0117
76.1519
92.3212
59.07
60.9983
74.4228
72.3899
218.306
80.6999
107.141
116.008
151.056
152.707
126.556
58.0655
143.405
103.488
240.839
238.626
199.508
161.147
175.209
81.0989
138.392
77.2957
68.1686
67.7931
149.824
154.282
88.6346
249.482
138.736
201.633
98.2641
165.892
67.4436
71.7152
102.772
68.1031
72.7103
92.7562
133.152
156.413
110.999
122.142
94.5825
123.812
174.459
111.649
64.1553
114.492
82.3739
108.461
128.856
80.8274
164.526
159.258
80.9586
136.147
115.326
149.511
174.518
133.326
116.697
135.397
68.5128
92.2039
71.3004
154.84
158.052
177.257
95.7404
124.488
79.6216
71.977
91.5614
54.122
89.1316
110.3
87.2801
138.321
190.456
285.427
204.622
102.519
114.368
113.763
91.8144
121.965
211.297
135.481
60.2438
83.0118
87.9828
92.6064
108.914
105.693
79.9978
81.4737
88.2362
138.404
137.656
170.725
173.822
83.5214
122.004
86.0465
92.2342
66.995
151.587
124.196
101.563
51.4931
98.7436
87.0467
107.339
90.5509
85.2076
115.232
119.001
96.7268
78.9208
107.091
52.6006
120.151
149.77
200.671
111.607
117.67
214.807
140.712
90.3074
126.697
97.7877
119.122
153.216
109.85
66.2923
63.1636
141.636
67.0122
48.4371
60.1704
114.906
70.3638
81.4686
91.7004
194.735
113.923
81.4623
96.5807
106.61
214.146
130.114
123.756
55.7564
88.4934
185.075
58.6365
76.0951
85.0815
147.744
85.0334
85.7829
100.679
89.7181
106.266
75.564
108.573
154.239
209.099
232.861
261.602
188.262
115.86
116.164
172.079
84.8474
98.8089
84.0198
96.5353
137.165
131.565
128.44
128.466
112.886
152.726
95.4927
76.039
114.175
77.7005
149.142
90.0573
235.616
185.782
224.215
157.136
96.1159
64.4202
103.438
91.1053
139.715
62.0201
118.197
123.845
95.648
147.845
86.0636
122.645
72.6253
63.7676
129.804
88.8754
99.0572
91.1786
118.393
135.587
115.9
88.7955
96.9317
119.004
148.989
130.636
99.0729
139.194
67.0498
79.8189
112.097
108.55
146.245
68.9012
131.794
88.9383
113.473
164.784
67.8654
62.6987
92.225
72.7642
87.0825
237.919
129.86
205.747
96.9929
155.297
110.106
89.3764
178.667
184.603
100.981
76.1346
113.343
188.873
91.0867
92.3962
199.961
140.925
180.455
200.552
124.51
143.009
124.367
113.73
164.02
105.278
51.5917
159.907
49.9787
64.7232
87.6988
101.05
70.3032
79.5511
111.587
71.3565
80.8839
128.314
114.466
113.71
116.688
72.6457
83.3746
223.654
132.437
119.268
123.784
88.4902
169.363
168.625
83.5765
65.1025
198.338
92.5947
87.6036
129.386
48.0496
98.5455
188.528
214.382
116.482
106.098
117.897
107.293
169.079
96.5056
72.2535
95.0542
90.4102
46.856
170.59
152.132
136.909
161.934
114.348
169.14
102.262
53.6786
90.7044
66.577
74.9694
40.4467
107.926
133.613
89.754
218.473
112.034
187.321
281.59
160.987
148.345
76.5452
50.3739
49.2352
50.509
259.927
167.72
91.4806
71.4003
57.6886
107.289
130.047
122.283
49.4623
85.7098
75.2969
71.5911
95.5015
142.417
126.716
110.159
144.861
89.4515
103.207
86.6583
163.728
74.7251
88.6644
122.668
94.0085
127.646
112.987
86.4298
144.535
70.2218
146.148
81.1184
74.9419
92.2068
183.464
65.862
251.829
104.959
78.9901
115.322
70.4459
69.9213
65.8699
104.388
93.2863
169.387
124.029
190.102
127.502
88.2228
119.943
162.93
161.631
154.167
54.1622
112.558
173.043
165.551
119.35
70.4041
41.8701
83.202
250.662
130.755
131.404
129.004
71.9809
122.808
71.5494
80.3507
64.286
130.818
117.861
186.185
147.919
82.7699
111.6
126.81
225.097
105.066
103.175
140.043
124.83
52.5952
74.3048
151.029
252.297
188.241
188.627
64.0711
79.9697
61.2387
70.8427
98.1583
56.9493
140.726
118.944
95.5896
151.427
156.611
67.5622
72.3716
57.0845
172.416
101.947
149.879
155.61
114.11
147.901
124.9
114.366
179.964
172.555
134.486
66.0453
75.9791
107.777
87.718
79.1351
97.9921
135.524
56.9479
93.8369
108.844
137.252
98.2417
97.0707
94.5446
80.0127
169.457
72.9204
110.002
91.8191
175.904
135.094
89.5787
110.04
99.385
196.233
130.473
134.127
181.804
116.955
58.7868
157.018
132.336
109.202
167.228
131.309
96.9593
85.8125
98.6007
142.814
81.5181
131.248
206.167
185.322
119.112
145.749
96.6201
114.933
72.2348
131.224
107.058
120.463
70.9908
154.962
128.084
98.1905
142.72
126.455
98.5481
113.418
217.415
72.5091
71.5223
88.6378
58.1946
83.467
69.5868
58.2322
131.371
205.141
158.638
84.1538
80.08
146.505
103.881
66.1527
107.694
88.778
101.859
79.1609
93.6792
81.0933
86.335
78.2904
137.663
89.4704
159.586
117.068
63.5252
104.746
134.624
119.083
80.1702
83.6798
174.919
115.654
102.207
80.3488
63.6799
103.484
86.1739
61.8935
128.378
147.201
88.3975
69.9079
154.239
147.879
98.1614
64.8288
97.9469
70.3511
47.5166
95.5203
106.991
119.796
156.944
168.407
153.721
94.5257
234.631
193.523
112.992
122.919
110.687
71.6884
54.9271
188.255
73.4812
105.987
181.688
162.248
111.711
99.7754
69.366
61.7123
152.577
129.235
83.2136
158.879
236.409
264.642
151.728
122.238
164.681
149.604
134.124
120.434
85.3189
45.3431
108.134
77.6305
86.9986
150.314
95.0362
96.1789
53.8849
69.338
157.048
126.216
70.33
139.348
131.021
93.8206
88.0249
73.1879
91.8421
91.7835
76.8956
147.844
175.714
109.89
167.983
261.071
191.325
138.252
62.031
102.495
168.523
136.679
98.7804
97.0842
148.146
88.2057
121.059
65.6314
88.6289
169.204
113.268
71.4317
85.0476
122.402
151.164
87.3639
164.352
135.139
160.881
50.2988
107.445
82.0921
111.358
82.9721
130.223
91.3949
109.969
122.835
84.2161
223.043
135.775
187.887
163.556
64.9926
102.941
103.9
131.573
88.0741
102.382
89.2729
91.1974
116.054
102.429
80.2132
204.331
92.7745
86.5686
106.735
66.6068
112.402
78.7692
159.84
83.0155
61.92
122.68
203.248
99.783
152.736
84.2643
144.173
110.081
53.7693
67.7077
76.1411
86.9556
204.302
87.3523
156.247
141.836
97.9614
64.6912
60.7031
97.1516
92.9237
122.887
103.23
49.8317
72.8953
116.897
105.171
142.46
77.3769
76.6313
60.1069
206.765
92.7156
116.348
68.7539
116.939
154.867
79.0855
155.346
189.619
147.553
157.512
119.311
100.584
124.003
96.9401
90.4819
81.9656
134.802
110.35
59.3496
124.391
99.3099
169.534
100.974
112.616
129.629
137.843
106.497
113.954
65.1591
137.861
86.7138
141.235
62.7475
96.163
73.1199
105.492
218.776
94.6486
63.5847
216.443
98.5081
123.711
117.26
70.1065
60.7641
88.5807
57.7219
85.4273
121.639
174.295
103.968
69.7294
80.0733
165.444
107.504
186.178
176.853
82.0681
66.6821
270.399
134.486
103.569
116.732
94.3436
75.5433
40.9923
66.4328
99.4159
51.9903
39.566
75.2156
99.4451
163.626
89.1209
167.106
89.394
83.9095
85.0514
108.002
65.0514
126.259
163.27
208.581
80.4093
75.4773
80.7659
193.631
112.69
68.0657
56.6843
51.0961
134.736
128.35
55.5249
78.1611
193.377
76.0695
174.784
151.397
137.339
185.732
115.507
85.9935
67.0131
101.014
136.807
104.458
62.329
136.864
176.998
123.913
146.442
125.088
116.411
140.918
129.729
51.7835
49.2438
57.8624
64.5094
131.469
85.8023
108.549
126.907
94.232
82.0758
59.4876
164.626
103.214
76.8469
81.4825
69.1042
44.534
122.763
61.4698
110.635
64.2617
106.569
114.436
166.411
174.173
84.6752
37.9181
106.458
180.87
57.506
104.466
79.832
96.1918
82.911
85.598
92.4567
184.285
252.457
95.5127
94.3242
155.583
104.45
143.22
131.234
96.1035
105.347
135.057
149.086
68.3322
170.838
86.1544
82.5993
122.37
91.2665
107.216
53.5832
90.8079
197.377
119.784
101.729
141.988
151.178
143.071
200.372
133.189
169.959
210.113
203.591
118.595
108.217
89.1504
82.0366
94.8579
156.744
88.3618
107.659
62.7853
174.216
146.599
120.25
87.98
96.5234
90.2624
71.3663
201.636
174.732
192.315
268.453
135.463
31.5995
167.672
56.8684
108.779
109.673
90.6699
132.597
182.348
120.652
134.355
156.529
79.5673
213.45
140.104
104.818
167.732
102.054
151.602
74.2518
174.641
153.3
168.594
185.48
78.8027
217.091
133.428
87.8953
107.613
93.7053
135.816
178.669
209.527
136.742
153.767
107.51
74.1252
115.277
77.9673
162.366
173.875
207.424
115.343
197.482
97.2898
57.3345
59.4432
56.8809
134.405
227.262
123.216
99.6466
132.463
112.596
61.8578
129.484
223.683
80.68
68.4007
118.286
141.703
122.854
95.7585
112.059
92.2735
119.948
156.654
194.776
151.996
156.982
128.499
104.022
111.336
77.0942
173.192
156.975
93.4476
183.026
162.938
100.38
55.6076
216.567
63.818
179.53
168.478
114.232
198.808
83.875
108.142
112
110.753
123.3
131.028
205.651
123.619
197.146
117.653
54.6701
72.2745
148.46
139.072
196.361
89.0433
73.2638
108.325
70.1685
72.9282
127.801
81.8979
126.148
106.846
52.4448
118.205
136.42
88.546
149.009
150.196
116.023
179.905
140.527
76.1975
182.799
162.543
144.293
141.12
107.066
141.757
110.094
138.545
148.63
188.399
193.447
219.007
152.492
150.073
70.0385
96.1401
67.564
59.2308
46.5618
62.1762
59.9686
153.03
135.743
166.325
103.292
59.2196
105.431
189.973
131.647
70.6851
171.527
172.978
112.268
183.881
124.527
71.4938
75.9497
105.353
88.5302
122.639
80.8419
99.3525
55.2144
127.594
64.3079
168.012
168.09
75.9812
105.344
80.9019
57.8457
103.685
109.906
74.3733
87.5565
139.311
249.639
142.452
71.2338
58.1048
162.958
124.145
134.618
112.936
122.173
166.465
78.0622
88.92
96.476
137.02
146.638
76.5277
132.304
130.431
106.252
95.598
131.373
150.868
134.35
95.5719
115.5
88.5755
142.994
103.974
64.0173
139.472
73.5661
150.777
181.567
198.327
140.215
96.8845
125.403
73.1481
120.986
199.781
190.935
141.619
49.1451
85.4043
161.558
88.5357
91.2171
121.315
116.874
147.767
57.5677
88.4437
43.7802
85.8802
90.6598
98.3235
167.825
