10.0
9.64388379154
9.30044945848
8.96924537867
8.64983601298
8.34180133251
8.04473626628
7.75825016857
7.48196630514
7.2155213579
6.9585649471
6.71075917058
6.47177815941
6.2413076494
6.01904456781
5.80469663481
5.59798197912
5.39862876738
5.20637484663
5.02096739961
4.8421626123
4.66972535328
4.50342886455
4.34305446332
4.18839125446
4.03923585315
3.89539211744
3.75667089031
3.62288975092
3.49387277475
3.36945030221
3.24945871559
3.13374022386
3.02214265518
2.9145192568
2.81072850208
2.71063390436
2.61410383751
2.5210113628
2.431234062
2.3446538764
2.26115695154
2.18063348751
2.10297759455
2.0280871538
1.95586368304
1.88621220713
1.81904113318
1.75426213004
1.6917900122
1.63154262774
1.57344075029
1.51740797486
1.46337061739
1.41125761781
1.36100044661
1.31253301474
1.26579158667
1.22071469661
1.17724306768
1.13531953391
1.09488896513
1.05589819443
1.01829594828
0.982032779063
0.947061000077
0.913334622825
0.880809296532
0.849442249826
0.819192234495
0.790019471241
0.76188559737
0.734753616349
0.708587849149
0.683353887329
0.65901854779
0.635549829136
0.612916869593
0.591089906423
0.57004023679
0.54974018001
0.530163041156
0.511283075948
0.493075456903
0.475516240683
0.458582336614
0.442251476316
0.426502184423
0.411313750342
0.396666201016
0.382540274663
0.368917395444
0.355779649034
0.343109759068
0.33089106442
0.319107497292
0.30774356209
0.296784315039
0.286215344539
0.276022752209
0.266193134613
0.256713565631
0.247571579466
0.238755154246
0.230252696218
0.222053024502
0.214145356385
0.206519293148
0.199164806383
0.192072224812
0.185232221567
0.178635801925
0.172274291477
0.166139324727
0.160222834088
0.154517039269
0.149014437053
0.14370779142
0.138590124039
0.133654705089
0.128895044407
0.124304882957
0.119878184596
0.115609128138
0.111492099701
0.107521685319
0.103692663829
0.1
